5.765178926052569608e+01
5.853056456189148804e+01
5.910759129997829575e+01
5.938348317959805911e+01
5.952639065817312058e+01
5.965785560794644482e+01
6.004770387898309991e+01
6.011894188706175157e+01
6.019230732731666933e+01
6.053850033706196143e+01
6.054697902466970305e+01
6.094002721738405626e+01
6.101346327570350780e+01
6.122459428311591978e+01
6.124102795906146923e+01
6.129419883676056457e+01
6.163542389471827931e+01
6.209494378330418840e+01
6.224211660873670127e+01
6.261009529787929040e+01
