-2.178770373791478754e-01 -3.682254547096263098e-01 -1.628231112314371121e-02 1.532555174161403522e-01 -1.009877071565403323e-01 8.114347039453821964e-01 -8.420230903485016460e-01 -6.028630486225977636e-01 5.411471792602570163e-01 -3.097393590413747289e-01 5.405392821364580769e-01 -4.227722488063738737e-01 5.208584025993913125e-01 -9.686851743514055535e-01 -3.260663387520647272e-02 8.296952606059018187e-01 6.182371760614754352e-01 -1.802475200144181833e-01 2.367876027402384120e-01
-2.146055714994743735e-01 -3.728406093148540768e-01 -1.515930200576247680e-02 1.525271396780834288e-01 -1.017743572542334496e-01 8.132412522395571219e-01 -8.405101871363349630e-01 -6.058474667197578656e-01 5.409009266054366494e-01 -3.087019831224094846e-01 5.397109163987707792e-01 -4.234006477053004480e-01 5.242828339064750098e-01 -9.682710472913333977e-01 -3.199593220593878462e-02 8.298004949906121475e-01 6.175200826497815321e-01 -1.780065785895977304e-01 2.368685872398988979e-01
-2.177821691272386617e-01 -3.707718670199073863e-01 -1.527211090250473087e-02 1.510655681785475490e-01 -1.013272598317529333e-01 8.100439114154760478e-01 -8.385310601346861459e-01 -6.043376800314950170e-01 5.420819286925490088e-01 -3.086777743274111696e-01 5.397937288485585849e-01 -4.232698512003768565e-01 5.212194195615518222e-01 -9.689470560639189545e-01 -3.127868731946115144e-02 8.309992620261155150e-01 6.180806394042847041e-01 -1.772765498034756249e-01 2.372083784390427719e-01
-2.178022782965485793e-01 -3.714598467044376018e-01 -1.435209753845244872e-02 1.517031151573449144e-01 -9.889528302836372853e-02 8.109572335151843392e-01 -8.415468639729261069e-01 -6.025414109671282104e-01 5.375901028176773844e-01 -3.097623437821031001e-01 5.405273124345910674e-01 -4.239096397366651781e-01 5.200444474541024986e-01 -9.685251218627168868e-01 -3.042639339625880651e-02 8.299379766555742277e-01 6.172132257123913446e-01 -1.815729130802676561e-01 2.374936648704096820e-01
-2.166432441649177587e-01 -3.695120408197256068e-01 -1.558132670608782140e-02 1.527424254545626803e-01 -9.981322375166723493e-02 8.106289967197402024e-01 -8.440648864862019263e-01 -6.033688240946091241e-01 5.395490695436342410e-01 -3.079821198942576110e-01 5.396725862327848011e-01 -4.248178528932946008e-01 5.199394460751772806e-01 -9.686337039456576203e-01 -2.965640025561154525e-02 8.286703945537382543e-01 6.174992813437765182e-01 -1.811460238369229925e-01 2.371134717936339564e-01
-2.163503719420466209e-01 -3.695630567934309885e-01 -1.479389917265345501e-02 1.516043986290306067e-01 -9.970000979417506515e-02 8.110843280440310776e-01 -8.435519031873337514e-01 -6.038423222626142506e-01 5.421505705976380485e-01 -3.086693308602794783e-01 5.397722418228989572e-01 -4.245365675740985223e-01 5.213915702476807912e-01 -9.685527939877633941e-01 -3.147404892141288796e-02 8.304691559256515143e-01 6.180042350673962126e-01 -1.800377656370316104e-01 2.383174074619122118e-01
-2.164565209206308904e-01 -3.706768449054503312e-01 -1.618550175662160362e-02 1.502900269042908576e-01 -1.016521288596027861e-01 8.095420840301326137e-01 -8.433031078439628958e-01 -6.020296477101247934e-01 5.394017122769039219e-01 -3.075169464455145829e-01 5.401127288877967114e-01 -4.226723311232500335e-01 5.194301012745559110e-01 -9.676698182705393281e-01 -3.306778912335998910e-02 8.275200002124720733e-01 6.171383792298746895e-01 -1.803859401334147461e-01 2.345034441969785777e-01
-2.158705951098887632e-01 -3.712179356165731248e-01 -1.632477075444695516e-02 1.533429191048914786e-01 -1.018765807638458698e-01 8.101284098682973722e-01 -8.409167969679937071e-01 -6.024479798985342693e-01 5.420542266470013137e-01 -3.079195371682306170e-01 5.393108902246123160e-01 -4.236977881004684865e-01 5.191526479596876298e-01 -9.683951436536171187e-01 -3.069357197474639060e-02 8.297277870012270684e-01 6.182506876578419686e-01 -1.801607030787290287e-01 2.383777875238214661e-01
-2.161855598584524196e-01 -3.692917894541239976e-01 -1.674803506087172572e-02 1.523775739611571978e-01 -1.024084405467072523e-01 8.121590068833637321e-01 -8.434610109091812413e-01 -6.043458042165023025e-01 5.421684768300051305e-01 -3.060788121817283325e-01 5.390257241197821125e-01 -4.259031115887298991e-01 5.200256245703508418e-01 -9.692540337866983879e-01 -2.969940347368829961e-02 8.297357289516241741e-01 6.167096337496036362e-01 -1.807167370845355892e-01 2.371879372200125513e-01
-2.173183746471294142e-01 -3.689005274678457402e-01 -1.521940601645993714e-02 1.526404394570408107e-01 -9.839559998351891934e-02 8.109698430392041635e-01 -8.431860842395607625e-01 -6.028201645709568846e-01 5.418578022088899049e-01 -3.088476798811153889e-01 5.396415388897668475e-01 -4.240816521343562240e-01 5.195665218340987934e-01 -9.683951679297987392e-01 -3.001667951880767488e-02 8.296654000304359844e-01 6.189929023952236431e-01 -1.802144216745251992e-01 2.353219452394995914e-01
-2.178900601163667461e-01 -3.693370347962291467e-01 -1.569333493189421780e-02 1.545509899841395751e-01 -9.825360227101646859e-02 8.110397083070255420e-01 -8.420400924668034470e-01 -6.057769904573947484e-01 5.421332055588906629e-01 -3.077609443891359819e-01 5.392678430951245439e-01 -4.261934654188179183e-01 5.193124152567921703e-01 -9.690663977248088479e-01 -2.904360454169969963e-02 8.279477481628048086e-01 6.185177341504255466e-01 -1.801932784134739340e-01 2.348037339685477010e-01
-2.172269946773139060e-01 -3.693862145304276923e-01 -1.588339695233799767e-02 1.519223125866540625e-01 -1.007871082110038813e-01 8.112909844901216028e-01 -8.415252162150799187e-01 -6.049759988134075783e-01 5.405208018665089709e-01 -3.079813309125477017e-01 5.396659170082964696e-01 -4.258077030926444850e-01 5.196266578461657959e-01 -9.685362541070386966e-01 -3.004988599798960255e-02 8.289138563464255594e-01 6.181825319039162547e-01 -1.789239970415114345e-01 2.378241664258288202e-01
-2.167443774087323416e-01 -3.703530099194191627e-01 -1.663122716534511450e-02 1.525854875223472407e-01 -9.971616747002302883e-02 8.127733046816381091e-01 -8.409278046139148088e-01 -6.051605020968835458e-01 5.395386037969684967e-01 -3.074283671754422520e-01 5.386470161561880410e-01 -4.237946893616701960e-01 5.174587834512702766e-01 -9.680553771635870275e-01 -2.880167815732433134e-02 8.276725031350464779e-01 6.169364362025552273e-01 -1.823054199055972324e-01 2.348146813286480505e-01
-2.171145762313720362e-01 -3.701943056108508157e-01 -1.504350090189417698e-02 1.549295111504095102e-01 -1.012161708331585225e-01 8.131140918745920487e-01 -8.399280447648796999e-01 -6.040096095123058673e-01 5.387407187876355197e-01 -3.080206309480242322e-01 5.400805911736613618e-01 -4.229543796754789975e-01 5.201432895752740038e-01 -9.687474955156344381e-01 -3.083059232185694082e-02 8.290290537289471962e-01 6.176786248946963820e-01 -1.814542370809184846e-01 2.365504806060362564e-01
-2.192304645194743384e-01 -3.720066356198240554e-01 -1.477554451637369884e-02 1.518070909718193806e-01 -9.807991655590245217e-02 8.120381611215997664e-01 -8.426919690934179252e-01 -6.020652527735420589e-01 5.397325050154394566e-01 -3.110672153031074916e-01 5.400843359672783395e-01 -4.241158502032734701e-01 5.213171444377616703e-01 -9.682458844944255016e-01 -3.208569568011996470e-02 8.315357247121544226e-01 6.196810819081138844e-01 -1.800873766827658096e-01 2.381191254183963879e-01
-2.168108455843336668e-01 -3.695170662835663977e-01 -1.396622011831447768e-02 1.509244231806074754e-01 -9.969960089149976223e-02 8.122298648181439651e-01 -8.421015428173971307e-01 -6.033885165751926571e-01 5.369930705450207675e-01 -3.093664517955952431e-01 5.401164797728100764e-01 -4.224526281334803901e-01 5.221450189491428917e-01 -9.682429145482812638e-01 -2.950203321246403984e-02 8.298522583386569451e-01 6.173023748464201432e-01 -1.809964131677153087e-01 2.378459645634886932e-01
-2.175536497179485773e-01 -3.691938778654559883e-01 -1.370438622879558907e-02 1.511442997406518551e-01 -1.013761370031090597e-01 8.110833617055652756e-01 -8.438338826819052896e-01 -6.063091748372292367e-01 5.398498550114692041e-01 -3.074923922095387785e-01 5.393905266820175903e-01 -4.248179188615192614e-01 5.203974880795362301e-01 -9.677884408902687197e-01 -2.916229683971650888e-02 8.284890010501966273e-01 6.182973078304360159e-01 -1.796258408527277584e-01 2.371069026166993110e-01
-2.173183278056159962e-01 -3.692625373741151296e-01 -1.341728403368389402e-02 1.530359946210540500e-01 -9.947980908480917595e-02 8.111558751533667344e-01 -8.415595623558258520e-01 -6.040381129156726647e-01 5.407969025569611121e-01 -3.104581537210681641e-01 5.398445927751582829e-01 -4.238832343227610933e-01 5.212398447810266955e-01 -9.684387930691524815e-01 -3.200514254872047215e-02 8.298783212003237875e-01 6.198399071452488363e-01 -1.768117369670045014e-01 2.375033210783714932e-01
-2.149951494208531544e-01 -3.726305204930311921e-01 -1.586688687857008492e-02 1.516746767536659712e-01 -9.830291348324694811e-02 8.119276278999573160e-01 -8.425558173972841347e-01 -6.037994562800310661e-01 5.425302155330840037e-01 -3.085385163224145799e-01 5.392195542469200298e-01 -4.240395207177910519e-01 5.201311986212476812e-01 -9.682235648779661252e-01 -2.905389427053637480e-02 8.276687708614860473e-01 6.184728895751389066e-01 -1.828519516721177907e-01 2.348950492973967963e-01
-2.174707727215512976e-01 -3.695441734617426199e-01 -1.340854577541684793e-02 1.513450645786167392e-01 -9.878666304031716305e-02 8.126656490463199933e-01 -8.433282546839456773e-01 -6.033314178501191227e-01 5.387331806952928570e-01 -3.094297419460054210e-01 5.410059362803786298e-01 -4.235372241610524946e-01 5.225100983433458302e-01 -9.687800126805287126e-01 -3.318168628338619836e-02 8.292898651371922725e-01 6.188224946096514412e-01 -1.825508474683807669e-01 2.376026209017280677e-01
