6.577968498733814950e-01
6.364521517899611736e-01
6.215563248532783858e-01
5.981717482311444956e-01
5.716779994831345801e-01
5.418130604238143855e-01
5.000473390658783934e-01
4.511917158747504319e-01
3.987980588138173577e-01
3.294504538292574725e-01
2.390673133666627037e-01
1.744373173520241682e-01
1.626470341408573772e-01
1.522887545824253841e-01
1.430451073031903941e-01
1.347276728767635157e-01
1.274943796195447954e-01
1.207112466149511953e-01
1.143914678413019137e-01
1.080213934097145750e-01
1.009477157985841367e-01
9.557487490392914398e-02
8.976340138561099413e-02
8.520579835978960015e-02
8.085888928352726046e-02
7.574850558019689817e-02
7.143761849029953148e-02
6.774138007521805782e-02
6.464689746165537543e-02
6.132103920043025652e-02
