4.146700888310703159e-01
3.933162828148373813e-01
3.685952359315974869e-01
3.415467459145688500e-01
3.138754850902407689e-01
2.873666077616677250e-01
2.594420738861987763e-01
2.310050628239848081e-01
2.076669246597321883e-01
1.860392692086404454e-01
1.665858451637674265e-01
1.477289495386789608e-01
1.353217329299733762e-01
1.267227546774180869e-01
1.180278720800036762e-01
1.168161220061833400e-01
1.151118685620353133e-01
1.146486700093946182e-01
1.140414096565993823e-01
1.136190325745687346e-01
1.146755811086190846e-01
1.153359661704605743e-01
1.169184716830099641e-01
1.182687902424081616e-01
1.205150818896227188e-01
1.218985607155529255e-01
1.240305297363311215e-01
1.265519790072305029e-01
1.295824357114770675e-01
1.326329181231099830e-01
1.348474871746914439e-01
1.375793862631298214e-01
1.403557698525314812e-01
1.414116339272277478e-01
1.431949826471793641e-01
1.430979708443790577e-01
1.435454563644196491e-01
1.434608952935269577e-01
1.445829574217943891e-01
1.443118256515260878e-01
