0.000000000000000000e+00
1.400000000000000000e+01
1.600000000000000000e+01
2.100000000000000000e+01
2.600000000000000000e+01
2.700000000000000000e+01
2.900000000000000000e+01
3.000000000000000000e+01
3.600000000000000000e+01
4.500000000000000000e+01
4.700000000000000000e+01
4.900000000000000000e+01
5.100000000000000000e+01
5.200000000000000000e+01
5.600000000000000000e+01
6.200000000000000000e+01
6.300000000000000000e+01
6.400000000000000000e+01
6.600000000000000000e+01
6.700000000000000000e+01
7.200000000000000000e+01
7.900000000000000000e+01
8.800000000000000000e+01
9.900000000000000000e+01
1.090000000000000000e+02
1.130000000000000000e+02
1.150000000000000000e+02
1.170000000000000000e+02
1.210000000000000000e+02
1.400000000000000000e+02
1.420000000000000000e+02
1.580000000000000000e+02
1.650000000000000000e+02
1.700000000000000000e+02
1.720000000000000000e+02
1.750000000000000000e+02
1.760000000000000000e+02
1.830000000000000000e+02
2.250000000000000000e+02
2.270000000000000000e+02
2.300000000000000000e+02
2.330000000000000000e+02
2.380000000000000000e+02
2.390000000000000000e+02
2.760000000000000000e+02
2.840000000000000000e+02
2.850000000000000000e+02
2.860000000000000000e+02
2.880000000000000000e+02
2.900000000000000000e+02
2.910000000000000000e+02
2.920000000000000000e+02
3.000000000000000000e+02
3.020000000000000000e+02
3.070000000000000000e+02
3.090000000000000000e+02
3.380000000000000000e+02
3.400000000000000000e+02
3.820000000000000000e+02
3.850000000000000000e+02
4.350000000000000000e+02
4.400000000000000000e+02
4.440000000000000000e+02
4.460000000000000000e+02
5.190000000000000000e+02
5.660000000000000000e+02
5.680000000000000000e+02
6.100000000000000000e+02
6.840000000000000000e+02
8.310000000000000000e+02
8.400000000000000000e+02
8.650000000000000000e+02
8.810000000000000000e+02
8.840000000000000000e+02
9.010000000000000000e+02
9.270000000000000000e+02
9.290000000000000000e+02
9.540000000000000000e+02
