3.929960575303841352e-01
3.718135828699566936e-01
3.449130369278032293e-01
3.236230995303562841e-01
2.928754831097604705e-01
2.663821982617876061e-01
2.390340221199801773e-01
2.151107781087121806e-01
1.928812477995973107e-01
1.748584380229312729e-01
1.510905807464875961e-01
1.340996083867055655e-01
1.191494905927912157e-01
1.053015649950766741e-01
9.436101313762847165e-02
8.551299107981076564e-02
8.485940559570713526e-02
6.814172543625639233e-02
6.723331582468013157e-02
6.338232922101419420e-02
5.648667343011545133e-02
5.187428694019320663e-02
4.877537561732342430e-02
4.523084585653049799e-02
4.212838477103127144e-02
3.924149680905512222e-02
3.656096689398534438e-02
3.447510599070563453e-02
3.240897407403192654e-02
3.037593460740871734e-02
