6.324329938262172046e-01
6.142397152516775316e-01
5.907171638225100496e-01
5.657846019402755777e-01
5.374526896389028030e-01
5.066150766055378396e-01
4.717067313545255103e-01
4.263256369367328658e-01
3.770981124955155583e-01
3.109061781997692897e-01
2.239728688298820714e-01
1.606527341435358414e-01
1.498189312328225276e-01
1.410152358690416330e-01
1.334002506002901212e-01
1.253330128019471135e-01
1.186631086907803945e-01
1.125287799300635355e-01
1.066200495909788853e-01
1.005007519829276136e-01
9.697481539382307725e-02
9.189753310453797897e-02
8.813130934136381711e-02
8.290481137328696570e-02
7.948279645099454171e-02
7.508458618273190777e-02
7.087421526292665697e-02
6.808909914065666702e-02
6.452493265475749140e-02
6.136235481241692630e-02
