1.673139617044485661e-01
1.588629188078475307e-01
1.502798585199090209e-01
1.427165128143344786e-01
1.361797046424915725e-01
1.303887609746407494e-01
1.245522133340344895e-01
1.187456640516792727e-01
1.135254954939022981e-01
1.082380837864538176e-01
1.033858988622242403e-01
9.870007786677420514e-02
9.421788465162884985e-02
9.009403088206623111e-02
8.594281467900408145e-02
8.231256188337222890e-02
7.939687903089964749e-02
7.629243579929478880e-02
7.227603588787576139e-02
6.928707899723531016e-02
6.629575081152409843e-02
6.395729522612053630e-02
6.147049960330740886e-02
5.908929507978013390e-02
5.674606440648810590e-02
5.484243733649933616e-02
5.311695415162866196e-02
5.167130052536376278e-02
4.982585046802063405e-02
4.807606262123904906e-02
