-2.264013107730859786e-01 -9.938013168506915074e-02 -1.596114115290641067e-01 8.219415621132544758e-02 2.520608544704668885e-01 -5.381253320151397901e-01 -5.205685285285519548e-01 -9.085240049257842232e-01 9.780131614457572287e-01 -2.268322482722996136e-01 9.165657076398525671e-01 -5.973884404589028252e-01 7.893323725912422262e-01 -8.833950355477532268e-01 -3.877738089061477655e-01 9.685494793280460257e-01 8.272266916288086858e-01 9.442853245020134123e-01 -9.686609945552089318e-01
-2.022504754011706374e-01 -1.019649051675407675e-01 -1.964638506110019667e-01 9.201715918713478104e-02 2.400612052771958771e-01 -5.305216487648841683e-01 -5.209276574469237087e-01 -8.761192945773300655e-01 9.736374551359008311e-01 -2.234606383365431714e-01 9.224845801294423442e-01 -5.817530694664287960e-01 7.995163528714690493e-01 -8.746255173983848996e-01 -3.743502450909195756e-01 9.679478363314852896e-01 8.337975529544360276e-01 9.464637214288548206e-01 -9.604796815381138053e-01
-2.053951373380029088e-01 -9.391080720305162999e-02 -1.982393687996134857e-01 8.751412658426904745e-02 2.520065627315785650e-01 -5.385937996126620719e-01 -5.195857404069635921e-01 -8.925620061861518906e-01 9.719430984036565579e-01 -2.184426750284337859e-01 9.107427517646247139e-01 -5.771603074059499239e-01 7.875351671143644428e-01 -8.747975384044970326e-01 -3.921752863657390620e-01 9.646368011556298860e-01 8.303448667489321533e-01 9.433788566809174769e-01 -9.613992349922093616e-01
-2.135438685079895926e-01 -1.065512770244479712e-01 -2.030510281000829087e-01 9.721509645688929113e-02 2.384817923824062991e-01 -5.105040047584337159e-01 -5.169518635139962459e-01 -8.523392699966169106e-01 9.703744088111019295e-01 -2.047965224921891036e-01 9.081801213885373203e-01 -5.756200952409752380e-01 7.876361166605371222e-01 -8.716681579095401089e-01 -3.779923224924937042e-01 9.681488169823889711e-01 8.431044986079957448e-01 9.413073968604148689e-01 -9.630540685416072444e-01
-1.980582398594218918e-01 -1.062443856669598313e-01 -1.888567351960587781e-01 8.283780267508325523e-02 2.331934519930080052e-01 -5.293088292638759018e-01 -5.398539254129575138e-01 -8.998099707377672507e-01 9.673889080909915394e-01 -2.465207085115096453e-01 9.029523121132764230e-01 -5.471781812508157428e-01 7.783615364977269913e-01 -8.471392178200793932e-01 -4.186467629926417522e-01 9.678460650731885995e-01 8.271672150232887155e-01 9.337276667184692958e-01 -9.603258822558832231e-01
-1.917296111776518319e-01 -1.189847183463572933e-01 -1.828851286585712888e-01 8.576618949055460350e-02 2.521876375553672167e-01 -5.159110925795469260e-01 -5.202786053017991463e-01 -9.271741421492818436e-01 9.709712147369279345e-01 -2.367015250430816453e-01 9.079031172460212407e-01 -5.604281444065253304e-01 7.928117817422560831e-01 -8.742001813257070930e-01 -3.685049618682676442e-01 9.719845746835520384e-01 8.206241922353356699e-01 9.420922390443048355e-01 -9.655455616257778706e-01
-1.996575174397931807e-01 -9.085894169634628481e-02 -2.102284286520382517e-01 9.133842592199278854e-02 2.656193945690930591e-01 -5.284817615454898698e-01 -5.167879058478197507e-01 -8.833384407131068539e-01 9.748900609984398891e-01 -2.056684958836237087e-01 9.246803264191844063e-01 -6.026985442655550251e-01 7.987969846755587078e-01 -8.864233142086923589e-01 -3.608740271453036996e-01 9.701081717748191169e-01 8.326773266283988839e-01 9.468479887463278066e-01 -9.629783689992732487e-01
-2.016633134579881026e-01 -1.021037463562797093e-01 -2.068875616309938104e-01 9.388624514582009917e-02 2.724776550842644696e-01 -5.458106523840401403e-01 -5.357540919449456096e-01 -8.950587346548080081e-01 9.741229218359732656e-01 -2.157505811248684735e-01 9.275089863667972390e-01 -5.994561259206370174e-01 7.952273675167652600e-01 -8.770644046000831695e-01 -3.806455594112598262e-01 9.674478747580161908e-01 8.276594503464477226e-01 9.446432761592814531e-01 -9.615992038349822080e-01
-2.267955192995506908e-01 -9.813176689827357579e-02 -1.886692001095590376e-01 1.037967143615803889e-01 2.460902022530694067e-01 -5.382448593652752189e-01 -5.277471665456331396e-01 -8.958800369307746703e-01 9.740296805521042600e-01 -2.296928208192672294e-01 9.218812046198624488e-01 -5.786119606326639575e-01 8.002321165057804109e-01 -8.728202664827209301e-01 -3.666944608635652747e-01 9.676523174969463570e-01 8.324190661276384962e-01 9.435315774576329417e-01 -9.633951208410531653e-01
-1.999691949043860550e-01 -9.142338669022474773e-02 -2.073536178360027571e-01 8.933995417644383097e-02 2.517805771000615200e-01 -5.248565246960021913e-01 -5.169728058714641028e-01 -8.842971803261590047e-01 9.717956539841502428e-01 -2.148481327126477158e-01 9.209793012489659869e-01 -5.797023712411589758e-01 7.963448369519171566e-01 -8.710116479010934221e-01 -3.837566326896562074e-01 9.705860494230844626e-01 8.300421077556319194e-01 9.447825352135700294e-01 -9.603778754845579968e-01
-2.358575790511991677e-01 -1.104549825069563312e-01 -1.782069034974201049e-01 9.080590478481054273e-02 2.292886864659364199e-01 -5.313982044553624551e-01 -5.415494378018209654e-01 -8.926772140890404383e-01 9.737196568113078987e-01 -2.418192846596060874e-01 9.205498256867730156e-01 -5.862009152861034078e-01 8.048117403292488481e-01 -8.687351117614606766e-01 -3.906253975344102236e-01 9.724844899295790324e-01 8.340122298918477561e-01 9.435089752303336130e-01 -9.667209082171247525e-01
-2.359055946668142112e-01 -1.094496911612739126e-01 -1.731820684677388145e-01 9.525084615024415058e-02 2.472118722331543283e-01 -5.271992068992538139e-01 -5.242407058348714788e-01 -8.807927700419037054e-01 9.720903732544613485e-01 -2.248309632677606973e-01 9.227526422359276781e-01 -5.893039643500526115e-01 8.000063168862064922e-01 -8.848731361292552222e-01 -3.663303765396040412e-01 9.653773396307222532e-01 8.345217795821342488e-01 9.480835727636400811e-01 -9.638781474066674404e-01
-2.035919851593168128e-01 -9.200816194342710530e-02 -1.852556887153346821e-01 7.135835842176833921e-02 2.483344978890476007e-01 -5.172447295044093618e-01 -5.062659842318536496e-01 -8.645266531964714840e-01 9.734046335785232484e-01 -2.278092088575730256e-01 9.158382108732988636e-01 -5.618306756616547881e-01 7.961622867586588548e-01 -8.712692924882197154e-01 -3.885359210667921892e-01 9.681244837961472394e-01 8.333092971491278256e-01 9.452739230358463418e-01 -9.603675601097588777e-01
-2.018864692051584586e-01 -9.822758582254370596e-02 -1.959045037954057766e-01 7.711052732344901572e-02 2.617556346685249169e-01 -5.326766447579095454e-01 -5.315343422424683162e-01 -8.718454894688651979e-01 9.695858890644426520e-01 -1.947359001891415531e-01 9.219462901457805559e-01 -5.833522080352370187e-01 7.869767280032995416e-01 -8.753926625290741059e-01 -3.708690753473600776e-01 9.638144033613296191e-01 8.343628125398596662e-01 9.420283363478543226e-01 -9.577659701429667161e-01
-2.245077702300710409e-01 -9.945866361905922326e-02 -2.053024429458481792e-01 9.022633555020037610e-02 2.548319328834994235e-01 -5.409637674529239604e-01 -5.336115213743451990e-01 -9.158800632516485019e-01 9.763943723014735232e-01 -2.326097653060344439e-01 9.135286229023812377e-01 -5.906697157716503943e-01 7.987828985179371566e-01 -8.655205044465575925e-01 -3.796968935983138227e-01 9.688535792473416119e-01 8.268179791602224826e-01 9.422631975858190012e-01 -9.623903836026133085e-01
-2.326115484740384765e-01 -8.084681254485970303e-02 -2.254924981202499901e-01 1.097610545491901207e-01 2.510349054562966975e-01 -5.346863041514712256e-01 -5.163213248462444893e-01 -9.253924603395418114e-01 9.727875441773871090e-01 -1.899861513485559539e-01 9.227357822795835274e-01 -5.805861791056251553e-01 7.982660703948829539e-01 -8.623800614059866643e-01 -3.895520693330842832e-01 9.665238047592922266e-01 8.246286253302929081e-01 9.408111361765081337e-01 -9.599981953242562316e-01
-2.010445901491698661e-01 -1.102452448574258032e-01 -1.891027877243706412e-01 1.019587275014189470e-01 2.453974984366451007e-01 -5.535821923650906529e-01 -5.291571668895597158e-01 -8.831931008757560875e-01 9.720787376490374054e-01 -2.291425383251075309e-01 9.214458449495243064e-01 -5.687433875551115570e-01 7.840851980378894526e-01 -8.666133372829974979e-01 -4.188612902133961868e-01 9.724698086942311637e-01 8.330725263950657933e-01 9.450867938710287852e-01 -9.612471117229886008e-01
-2.097487177523764956e-01 -9.050512115322609241e-02 -1.682928747306093320e-01 7.981583815475047639e-02 2.637711681351154747e-01 -5.355568969415748226e-01 -5.208140343561611374e-01 -9.199754677476734699e-01 9.812448386405331346e-01 -2.512535874304488992e-01 9.252313567069324618e-01 -5.753924490784901868e-01 7.961483470402319629e-01 -8.878042889597621556e-01 -3.776689368890600029e-01 9.649088231747759981e-01 8.269282424032815548e-01 9.456548946692336921e-01 -9.621931051833022552e-01
-2.113337131547331771e-01 -8.531941087401555268e-02 -2.429963598369888622e-01 1.041360392487764436e-01 2.573597761118734950e-01 -5.159977611738011394e-01 -5.150451155991868646e-01 -8.688799720677508054e-01 9.717180482957020748e-01 -1.968307188291472942e-01 9.123265152226668340e-01 -5.858312523212073630e-01 8.027642923267982455e-01 -8.821043970086041019e-01 -3.411162834844221337e-01 9.665033434422469760e-01 8.325740359231125209e-01 9.411639294917329979e-01 -9.540277615217287455e-01
-2.208058483656041571e-01 -8.622121469250412784e-02 -2.023721294646725899e-01 8.326590032541832109e-02 2.398790326699099529e-01 -5.186672539198253773e-01 -5.134283538808056546e-01 -8.831955541553956346e-01 9.744810624868334159e-01 -2.234712969561619689e-01 9.221720559410324647e-01 -5.919099475975477809e-01 8.035357461975065618e-01 -8.896477395691380075e-01 -3.636660086786878132e-01 9.624389497801190130e-01 8.282934590337562852e-01 9.389381074088275492e-01 -9.612729560839387011e-01
