1.228574478604640063e+01
1.507393450575129457e+01
1.507592318551623833e+01
1.510475812533868734e+01
1.511895740215497597e+01
1.511938466463218589e+01
1.512306762552201178e+01
1.512568563072406391e+01
1.515619937472346024e+01
1.516807976731151975e+01
1.517704412822356375e+01
1.518970471733102201e+01
1.519113969671949782e+01
1.519201331819554390e+01
1.519589128361173813e+01
1.519750695509079286e+01
1.520073052386286072e+01
1.520667782200563245e+01
1.521151293365522150e+01
1.521174601345073185e+01
