1.916161256169104021e+01
1.995091621488873912e+01
2.038818653199644615e+01
2.050122838881690512e+01
2.106510096861964954e+01
2.110560923099222208e+01
2.124652290415658840e+01
2.133888968387856977e+01
2.150158122592720389e+01
2.156866103620464514e+01
2.185518862793782802e+01
2.209394575468186162e+01
2.230558524706755463e+01
2.233429434363868182e+01
2.236499771269840053e+01
2.263989132105903934e+01
2.320675431466397853e+01
2.367052657319438325e+01
2.496788447890804008e+01
2.527370922278651477e+01
