-0.0378627
0.0409504
0.0266541
0.00845433
-0.046465
0.00725344
0.00941127
0.0689784
0.0524601
0.00066198
-0.0527697
-0.0751804
0.0050819
-0.00125824
-0.0502437
0.0374658
0.0915619
-0.0248514
0.0222318
-0.0304219
0.0254907
0.0706213
0.0232352
0.00158057
0.0593993
0.00441807
-0.0514243
-0.022028
-0.0713563
-0.0249766
0.0182006
0.0679591
0.0807532
0.0618023
0.025996
-0.0989302
-0.0497203
-0.0626476
-0.0363153
0.0310538
0.0319064
0.0325582
0.0380102
-0.0394993
0.0117405
-0.00615013
-0.0856295
-0.0724617
-0.0458651
-0.0417975
0.075481
0.0825923
0.0145839
0.0205109
-0.0028761
0.0123136
-0.0406444
-0.0612144
-0.0218039
-0.0391444
0.0327339
-0.00997688
-0.00149069
0.0423779
0.0140278
-0.00159882
0.0460388
0.0570834
0.0426728
-0.043268
-0.0228085
-0.068955
-0.0470415
-0.0720895
-0.0284529
0.0423976
0.0654672
0.015682
0.0392883
0.0198339
-0.015571
-0.0392773
-0.0409568
-0.00124793
0.0490788
0.0411435
0.0157805
0.0399265
-0.0301323
-0.0466295
-0.0821237
0.00718132
0.0102448
0.030772
0.0792925
0.0349145
