-0.0534813
0.0408663
-0.0218523
0.0291892
-0.028342
0.00730228
0.192726
0.0666773
0.0124201
-0.0476577
-0.041742
-0.04855
0.026046
0.00146365
0.0129198
0.0388393
0.118952
0.140613
0.0939924
0.00292489
0.0178042
-0.0363973
-0.0558852
0.0594902
0.0402886
0.105897
0.0177437
0.0787747
0.0243497
-0.00710432
-0.0431503
-0.0275242
0.0135339
0.128966
0.162258
0.114438
0.0148264
-0.105723
-0.194769
-0.0697418
-0.0302111
0.0331445
0.161044
0.0196081
0.107818
0.0718405
-0.0272151
-0.0918104
-0.177379
-0.0798773
-0.0322454
0.0541031
0.056699
0.060954
0.186132
0.0950805
-0.0627214
-0.084916
-0.0192688
-0.0686323
-0.0593188
-0.147068
-0.0804051
0.000351627
0.106747
0.155884
0.184398
0.150347
0.051861
0.0126604
-0.0527461
-0.049712
-0.052555
-0.0519016
-0.093895
-0.000692934
0.0367392
0.0479841
0.131128
0.0628285
0.118884
0.036991
-0.0852558
-0.107341
0.115211
0.0935471
0.106626
0.097206
-0.00337655
-0.0705817
-0.101699
-0.0246609
-0.0398173
-0.0344607
0.0376118
0.0882738
