1.668343521098192994e+01
1.759583435999340040e+01
1.841609716115327089e+01
1.853154620843332268e+01
1.875427503126242357e+01
1.879211854896110978e+01
1.917738892476553403e+01
1.968055357449555132e+01
1.970102099566561904e+01
2.006830253000387643e+01
2.007873293164873374e+01
2.025585354310635466e+01
2.030900262823261571e+01
2.066652796444961737e+01
2.175187536459295856e+01
2.204557983781582564e+01
2.218665081497459468e+01
2.416725469190821229e+01
2.531058871666047949e+01
2.560615503313153241e+01
