1.339566133700382622e+01
1.352122624164723597e+01
1.356416986924138968e+01
1.359605862212553795e+01
1.360401009446658271e+01
1.361844056166551198e+01
1.362553993097855809e+01
1.365273077985501260e+01
1.365359147184400790e+01
1.366330465840232655e+01
1.366723431012124124e+01
1.366772740697200916e+01
1.366888021049589774e+01
1.367180271968329208e+01
1.368636645634691540e+01
1.368689409521219424e+01
1.369514946886834039e+01
1.372050529023869281e+01
1.372107686126891224e+01
1.373073145301929365e+01
