1.371925902866809466e+01
1.386927551559170446e+01
1.393328162746259480e+01
1.396154151583522030e+01
1.396573405034763660e+01
1.397432149710586202e+01
1.398089275014760524e+01
1.402855761929107992e+01
1.403541690731493219e+01
1.403696039233614989e+01
1.404387878711117565e+01
1.404938084399134901e+01
1.408106359860179424e+01
1.409724062784361820e+01
1.410665381772471783e+01
1.412628913089582205e+01
1.412767819659541324e+01
1.412791509840131887e+01
1.412945466234629954e+01
1.417960619004386302e+01
