6.261009529787929040e+01
6.224211660873670127e+01
6.209494378330418840e+01
6.163542389471827931e+01
6.129419883676056457e+01
6.124102795906146923e+01
6.122459428311591978e+01
6.101346327570350780e+01
6.094002721738405626e+01
6.054697902466970305e+01
6.053850033706196143e+01
6.019230732731666933e+01
6.011894188706175157e+01
6.004770387898309991e+01
5.965785560794644482e+01
5.952639065817312058e+01
5.938348317959805911e+01
5.910759129997829575e+01
5.853056456189148804e+01
5.765178926052569608e+01
2.592632262676287169e+01
2.463360753659554447e+01
2.397435892764082155e+01
2.350360774085089233e+01
2.225825780595146242e+01
2.213158381848924350e+01
2.191212449628948278e+01
2.134458528772217889e+01
2.114468560044410239e+01
2.103767412886605470e+01
2.098743198421084699e+01
2.074577115933385940e+01
2.025045297024510660e+01
2.007260237807729197e+01
2.006558561799398177e+01
1.988223179186987011e+01
1.960801014071089909e+01
1.931494886720543747e+01
1.930379728243929449e+01
1.929198827349079792e+01
1.897292697242065884e+01
1.892978273311929982e+01
1.888904482272157992e+01
1.887508806259703320e+01
1.882197003670156121e+01
1.875565888090084954e+01
1.872527996902636360e+01
1.844766846375514646e+01
1.840245144598773663e+01
1.839267666661507761e+01
1.833798996746648058e+01
1.831951858597424376e+01
1.830473725383028949e+01
1.828516172014261087e+01
1.828059694733368801e+01
1.827767092834817220e+01
1.807437707521679471e+01
1.806055459995354440e+01
1.793314407040773162e+01
1.790995865185553271e+01
1.765806566170726555e+01
1.762341145203611958e+01
1.757248617957632675e+01
1.756606850901410866e+01
1.751029128781485156e+01
1.745640747368347334e+01
1.745022611101363808e+01
1.740423022389960295e+01
1.727356471239420443e+01
1.726817358058802654e+01
1.722696759785277010e+01
1.721899937260987912e+01
1.698282237498594327e+01
1.695771203481326594e+01
1.694019443198708785e+01
1.674396373746314026e+01
1.672977391997322982e+01
1.671417943998205757e+01
1.670680790966647677e+01
1.668170434267842950e+01
1.667233222729403153e+01
1.667151496842522818e+01
1.665871039101801543e+01
1.663248841254000254e+01
1.659807872044012100e+01
1.652936945293279436e+01
1.650208710621937769e+01
1.648454385840685887e+01
1.647324863072346446e+01
1.630283021197559989e+01
1.621393651425018945e+01
1.620616283315077411e+01
1.616339195426042963e+01
1.611280842335826335e+01
1.611010464321698521e+01
1.608768711261640760e+01
1.606731939243617902e+01
1.605778054404875732e+01
1.603754439397376075e+01
1.587346199891839582e+01
1.570374289017970426e+01
1.559936049631745547e+01
1.559500056977713101e+01
1.559284293940758204e+01
1.555168924138934905e+01
1.548383026625531045e+01
1.546881313567506311e+01
1.546692703113250289e+01
1.543263637236040076e+01
1.536616184268154761e+01
1.529799623528859520e+01
1.522817961848071810e+01
1.518158947098814870e+01
1.517980573226677521e+01
1.517738158543476956e+01
1.511727892177365895e+01
1.510450347489723555e+01
1.510078088960107934e+01
1.509802671796564333e+01
1.506983143217853538e+01
1.506905886122445359e+01
1.506308447036887266e+01
1.506295884830132970e+01
1.506295749547599883e+01
1.505856974303807405e+01
1.498613149006674661e+01
1.498126586446800523e+01
1.496972927621368399e+01
1.496673056139345981e+01
1.494523966211181687e+01
1.494186344940140643e+01
1.493061060090977676e+01
1.490928068836746512e+01
1.489364475354338602e+01
1.489216175503037398e+01
1.487529794917784720e+01
1.486969134932278536e+01
1.485156755385699157e+01
1.483607148841972823e+01
1.483108672649443172e+01
1.481259745886118573e+01
1.480581547945474696e+01
1.478675439237117750e+01
1.476255348057278205e+01
1.476224864755633881e+01
1.476195395690314349e+01
1.473533657182258239e+01
1.471767597516998549e+01
1.470899363802788962e+01
1.467005555979466536e+01
1.465767450713816267e+01
1.464500507824826059e+01
1.463836304498862440e+01
1.461239035584127421e+01
1.461134854824371843e+01
1.460491915223131443e+01
1.460158983891715145e+01
1.457940241299656847e+01
1.457724407673538281e+01
1.456855946437796590e+01
1.456146051952716824e+01
1.453596891085001985e+01
1.452558904634426007e+01
1.452192771113458392e+01
1.449202120765229118e+01
1.449125622285058235e+01
1.449012408948111741e+01
1.448128028291969116e+01
1.447988359437876937e+01
1.446942606861503755e+01
1.446739362318356292e+01
1.441539153979183929e+01
1.440002876512025232e+01
1.439920043399076377e+01
1.437992758786612768e+01
1.437642352104978016e+01
1.434887821825974719e+01
1.434795776738395645e+01
1.434618380182075370e+01
1.433811907633083571e+01
1.432940423771565541e+01
1.432220038013759833e+01
1.432063923477180367e+01
1.430918651544307885e+01
1.430482739773203527e+01
1.427505832081268267e+01
1.426373963986364224e+01
1.425813569714895657e+01
1.425787164179425837e+01
1.425719374664634920e+01
1.425151973858961085e+01
1.424194890244268485e+01
1.439280396243450078e+01
1.434400602368932454e+01
1.427406722413587836e+01
1.426558289191392426e+01
1.425027479901525140e+01
1.425013472831122385e+01
1.424644285683082856e+01
1.424614924735287680e+01
1.424499754241714378e+01
1.422520252350931358e+01
1.418226290774396503e+01
1.417563393486077494e+01
1.416967149920844804e+01
1.415361691118772036e+01
1.414942148409379108e+01
1.420567227484557904e+01
1.420096313293674406e+01
1.419970027901370635e+01
1.418098418188558263e+01
1.416078422846833540e+01
1.415143184413811994e+01
1.413480113512196645e+01
1.413117749560791481e+01
1.411520533175726122e+01
1.414925017389326101e+01
1.412660007190755529e+01
1.411135071636279648e+01
1.410779278198182318e+01
1.409475081664306551e+01
1.405024482649638884e+01
1.404008558446004074e+01
1.483700587339254895e+01
1.418388223398364900e+01
1.412729599093674260e+01
1.411792628480717227e+01
1.410663069734370012e+01
1.406484964892306699e+01
1.406030173238304748e+01
1.405617812926477228e+01
1.484475899118686471e+01
1.476078395319845349e+01
1.471762251201513827e+01
1.414861612021143245e+01
1.412516098707065737e+01
1.411922196621578252e+01
1.410711966524503325e+01
1.410173654027501122e+01
1.407985850305083808e+01
1.495102182878432195e+01
1.484624446188430014e+01
1.453579241744557216e+01
1.421861297627355114e+01
1.415632978694357114e+01
1.414458489258512586e+01
1.413110876293142582e+01
1.409042325944594154e+01
1.408845831497770362e+01
1.433237288170639800e+01
1.417915814224081217e+01
1.416966534165192115e+01
1.410865147298878064e+01
1.406199194377247430e+01
1.405034202711101088e+01
1.405024951112041975e+01
1.404863863890444797e+01
1.404183310408854446e+01
1.482624437552786212e+01
1.482355966150170445e+01
1.414816771476697532e+01
1.413036133820319940e+01
1.412624973086273528e+01
1.412264833462294078e+01
1.412013391643938576e+01
1.408964227071459518e+01
1.408723144206088129e+01
1.407605486060632849e+01
1.407163415847131560e+01
1.405368843440223614e+01
1.404281239482140364e+01
1.403961903069580508e+01
1.402207970851180363e+01
1.401659496814319361e+01
1.401559656758352723e+01
1.413836103547316192e+01
1.412552746502885626e+01
1.411265741736041157e+01
1.410154261424293765e+01
1.408115789000138207e+01
1.460296325793883732e+01
1.414915546666563628e+01
1.413777195121921793e+01
1.413638879833962747e+01
1.410471792497346399e+01
1.409438375253561837e+01
1.408794636049616322e+01
1.407253072021512708e+01
1.406867379063682044e+01
1.470427128683286178e+01
1.417960619004386302e+01
