3.937595804299715563e-01
3.699545028025155724e-01
3.421957661094391923e-01
3.174875500473878787e-01
2.925002479904982300e-01
2.690474279177452188e-01
2.468772400011781942e-01
2.267925985478882744e-01
2.063970255267327802e-01
1.880147651041691181e-01
1.683081025606672498e-01
1.597328740822306359e-01
1.362219711381135179e-01
1.210727657859840822e-01
1.102469769943127120e-01
1.045296408545655364e-01
1.063032879625290111e-01
9.647698365410628529e-02
8.781102254508510452e-02
9.039431019424114255e-02
8.641025175346675469e-02
8.256759864818856431e-02
8.067447285727126494e-02
8.265196736382666998e-02
8.296312071117226128e-02
8.455899174542294561e-02
8.630934244619960227e-02
8.712864538019678140e-02
8.737135236926450721e-02
8.784931984974614361e-02
8.932975473758279772e-02
8.711330279508829044e-02
8.868070308503972488e-02
8.895816139208681528e-02
9.267029817668188951e-02
9.420321969706545173e-02
9.693737642282089506e-02
9.960438330870491352e-02
1.001256909667618961e-01
1.016290899810851772e-01
