4.012205059964155107e-01
3.711489843559673263e-01
3.436645028160658644e-01
3.179374004843369961e-01
2.918503761728242218e-01
2.683696888325945440e-01
2.459419808796156348e-01
2.246054161031593721e-01
2.050434069055172559e-01
1.879913209297081333e-01
1.714695312164152274e-01
1.592769114016709953e-01
1.461086786721822739e-01
1.374074279101074880e-01
1.306752603923771461e-01
1.232987727403994788e-01
1.225674023913381483e-01
1.150720443170417107e-01
1.113559436153421373e-01
1.070182232921112614e-01
9.382864406946364588e-02
1.037413811854557139e-01
1.068349436900567356e-01
9.728564986919953361e-02
9.592818133019252735e-02
9.556716590041407222e-02
9.508721234142659962e-02
9.551588640121315421e-02
9.633509261641257093e-02
9.721951546587477566e-02
9.735655706328030790e-02
9.865083328794531370e-02
1.002226842217331243e-01
1.010135864757632090e-01
1.020097503827702701e-01
1.031622278988783420e-01
1.049660665020067524e-01
1.044602107290270449e-01
1.060553079214395511e-01
1.079482269619908841e-01
