4.324680413714346860e-01
4.039908367453595162e-01
3.757174798945845939e-01
3.468607282043704165e-01
3.178568392592845404e-01
2.910204237975761443e-01
2.633555481417163557e-01
2.362209001677479381e-01
2.127860780768549565e-01
1.874660611147198341e-01
1.672956736510124442e-01
1.489829634407469350e-01
1.324553889310105259e-01
1.191691924326140906e-01
1.061111140407312581e-01
9.513876968778303689e-02
8.340477363729500992e-02
7.162114721180222465e-02
6.523964093335339609e-02
5.937697584369441839e-02
5.224867548872570711e-02
4.759812706159605861e-02
4.503198961601045242e-02
4.202628675848523593e-02
3.883519577704706155e-02
3.597660110244377957e-02
3.353776402494809683e-02
3.260674341795956332e-02
3.253493343244259067e-02
3.394539950129836503e-02
