1.000000000000000000e+00
6.000000000000000000e+00
8.000000000000000000e+00
9.000000000000000000e+00
1.000000000000000000e+01
1.400000000000000000e+01
1.600000000000000000e+01
1.800000000000000000e+01
2.300000000000000000e+01
2.800000000000000000e+01
3.700000000000000000e+01
3.900000000000000000e+01
5.000000000000000000e+01
6.700000000000000000e+01
7.200000000000000000e+01
9.400000000000000000e+01
9.600000000000000000e+01
9.800000000000000000e+01
9.900000000000000000e+01
1.000000000000000000e+02
1.030000000000000000e+02
1.110000000000000000e+02
1.130000000000000000e+02
1.150000000000000000e+02
1.160000000000000000e+02
1.180000000000000000e+02
1.220000000000000000e+02
1.330000000000000000e+02
1.400000000000000000e+02
1.420000000000000000e+02
1.490000000000000000e+02
1.510000000000000000e+02
1.550000000000000000e+02
1.570000000000000000e+02
1.630000000000000000e+02
1.680000000000000000e+02
1.690000000000000000e+02
1.700000000000000000e+02
1.720000000000000000e+02
1.740000000000000000e+02
1.750000000000000000e+02
1.850000000000000000e+02
1.980000000000000000e+02
1.990000000000000000e+02
2.010000000000000000e+02
2.080000000000000000e+02
2.120000000000000000e+02
2.140000000000000000e+02
2.160000000000000000e+02
2.270000000000000000e+02
2.340000000000000000e+02
2.350000000000000000e+02
2.400000000000000000e+02
2.450000000000000000e+02
2.460000000000000000e+02
2.510000000000000000e+02
2.890000000000000000e+02
2.910000000000000000e+02
2.950000000000000000e+02
3.000000000000000000e+02
3.150000000000000000e+02
3.270000000000000000e+02
3.300000000000000000e+02
3.310000000000000000e+02
3.320000000000000000e+02
3.330000000000000000e+02
3.380000000000000000e+02
3.390000000000000000e+02
3.450000000000000000e+02
3.460000000000000000e+02
3.470000000000000000e+02
3.500000000000000000e+02
3.510000000000000000e+02
3.520000000000000000e+02
3.540000000000000000e+02
3.600000000000000000e+02
3.620000000000000000e+02
3.670000000000000000e+02
3.690000000000000000e+02
3.710000000000000000e+02
3.730000000000000000e+02
3.750000000000000000e+02
3.770000000000000000e+02
3.850000000000000000e+02
3.870000000000000000e+02
3.960000000000000000e+02
3.990000000000000000e+02
4.050000000000000000e+02
4.080000000000000000e+02
4.130000000000000000e+02
4.430000000000000000e+02
4.540000000000000000e+02
4.700000000000000000e+02
4.770000000000000000e+02
4.830000000000000000e+02
4.910000000000000000e+02
4.930000000000000000e+02
4.950000000000000000e+02
5.010000000000000000e+02
5.030000000000000000e+02
5.110000000000000000e+02
5.140000000000000000e+02
5.210000000000000000e+02
5.430000000000000000e+02
5.440000000000000000e+02
5.500000000000000000e+02
5.640000000000000000e+02
5.780000000000000000e+02
5.790000000000000000e+02
5.870000000000000000e+02
5.910000000000000000e+02
5.940000000000000000e+02
5.960000000000000000e+02
6.060000000000000000e+02
6.180000000000000000e+02
6.190000000000000000e+02
6.210000000000000000e+02
6.240000000000000000e+02
6.290000000000000000e+02
6.390000000000000000e+02
6.480000000000000000e+02
6.490000000000000000e+02
6.650000000000000000e+02
6.860000000000000000e+02
7.060000000000000000e+02
7.170000000000000000e+02
7.400000000000000000e+02
7.500000000000000000e+02
8.400000000000000000e+02
8.570000000000000000e+02
8.610000000000000000e+02
8.740000000000000000e+02
8.820000000000000000e+02
9.040000000000000000e+02
