3.758579910891479137e-01
3.452932605136194710e-01
3.139546839421611391e-01
2.796100270400081467e-01
2.501897417620215780e-01
2.219439233643386300e-01
2.041466129322809520e-01
1.766276788477451343e-01
1.514539467342574941e-01
1.279989324922181926e-01
1.073270387111047303e-01
9.216816145535190741e-02
7.889409082473738954e-02
7.055174897277192991e-02
6.504243921175180410e-02
6.081612205158451467e-02
5.847985042004615053e-02
5.799976943207828944e-02
5.784405678739516776e-02
5.794179496083291803e-02
5.833833232961794374e-02
5.906805025843648443e-02
5.984814626564712720e-02
6.000972138083578156e-02
6.046154798356535853e-02
6.067906668630714678e-02
6.168406496681078793e-02
6.148527710577033484e-02
6.163005730291164913e-02
6.107114954640553706e-02
6.029964615396293109e-02
5.967001444929780768e-02
5.938376214456071722e-02
5.857077319618699679e-02
5.803662208146366519e-02
5.766285987995262846e-02
5.705036695245077616e-02
5.694764494801313193e-02
5.685268080067026886e-02
5.636300144362738768e-02
